$ 1 0.000015625 0.7703437568215379 59 5 50 5e-11
165 16 -64 128 -64 6 8.999999910000001
g 112 96 112 144 0 0
r -112 -96 -112 0 0 22000
174 -112 16 -112 160 1 100000 0.5297000000000001 Resistance
w -112 16 -112 0 0
w -96 96 -48 96 0
w -48 96 -48 16 0
w -48 16 -112 16 0
c -112 176 -112 240 0 2e-8 5.62706040588853 0.001
g -112 240 -112 256 0 0
v 288 16 288 -48 0 0 40 9 0 0 0.5
g 288 16 288 64 0 0
w 144 -32 192 -32 0
w 192 -32 192 -112 0
w 192 -112 80 -112 0
w 80 -112 80 -96 0
w 288 -48 288 -112 0
w 288 -112 192 -112 0
w 80 -112 -112 -112 0
w -112 -112 -112 -96 0
w 16 -32 -48 -32 0
w -48 -32 -48 16 0
w 16 32 0 32 0
w 0 32 0 64 0
w 0 64 16 64 0
w -112 176 0 176 0
w 0 176 0 64 0
174 224 32 224 128 1 10000 0.5 Resistance
209 160 0 208 0 0 0.000024999999999999998 0.0009999999099239432 0.001 2
w 144 0 160 0 0
w 208 0 224 0 0
w 224 0 224 32 0
w 240 80 272 80 0
w 272 80 272 0 0
w 272 0 224 0 0
p 224 128 224 192 1 0 0
s 224 192 224 240 0 1 false
g 224 240 224 288 0 0
o 35 1 0 4098 10 0.1 0 1
